2801 0 0
1091 3 0
3491 0 0
2749 1 y
1571 3 0
2099 1 x
3079 1 0
1303 1 x
1979 3 0
1283 0 y
2803 1 y
3373 1 x
3677 1 y
2459 1 y
1087 0 0
3769 1 0
2441 1 0
1301 0 y
3299 1 y
3323 0 y
2557 0 y
1871 1 0
1709 0 0
3011 2 0
2011 3 0
1787 2 0
1193 0 0
2971 0 y
1249 1 y
3877 0 y
2237 2 0
2113 1 0
1637 0 0
2617 3 0
1913 1 x
3307 2 0
3329 1 x
1151 3 0
1987 0 0
1583 1 0
3541 1 y
2477 1 y
1117 1 y
1289 0 y
3121 1 x
2539 2 0
2711 0 y
3643 3 0
1013 0 0
2203 1 y
2677 3 0
3529 1 y
2297 1 x
2389 3 0
3607 3 0
1061 3 0
1237 2 0
2683 0 0
2377 0 y
3797 2 0
3407 3 0
3821 3 0
3581 3 0
1543 1 x
1663 1 x
1063 0 0
3911 0 0
2969 0 0
1171 1 0
1823 1 0
3881 0 y
1487 0 y
2083 1 x
1109 1 0
3203 3 0
1949 1 y
1777 1 y
3617 1 0
2053 1 x
1021 3 0
3209 1 y
1499 3 y
1493 0 0
1609 2 0
2927 3 0
3347 0 0
1627 0 y
1783 0 y
1607 0 y
2447 0 y
2843 0 0
3547 3 0
1451 2 0
1129 1 x
1553 1 0
3733 3 y
3109 0 y
2287 1 0
3259 0 y
3037 3 y
2897 1 y
1213 2 0
1721 1 x
1429 1 x
1361 0 y
1471 0 0
2741 0 y
2767 3 0
1103 3 0
1321 3 0
2269 1 0
2357 0 0
2647 3 0
3851 2 0
1229 1 y
2531 0 y
1531 3 0
3467 1 0
1259 1 x
2713 0 y
1511 0 0
1613 2 0
1277 2 0
1123 0 y
2909 1 0
2221 1 x
2341 0 0
1489 1 x
3727 0 y
2917 1 x
1319 2 0
3041 2 0
3917 0 y
2087 3 0
1847 1 y
3673 1 y
1009 3 0
1297 1 0
2551 1 x
1307 3 0
2293 0 y
1789 1 x
3319 1 x
2273 0 0
